0.0
0.07142857142857142
0.14285714285714285
0.21428571428571427
0.2857142857142857
0.3571428571428571
0.42857142857142855
0.5
0.5714285714285714
0.6428571428571428
0.7142857142857142
0.7857142857142857
0.8571428571428571
0.9285714285714285
1.0
1.0714285714285714
1.1428571428571428
1.2142857142857142
1.2857142857142856
1.357142857142857
1.4285714285714284
1.5
1.5714285714285714
1.6428571428571428
1.7142857142857142
1.7857142857142856
1.857142857142857
1.9285714285714284
2.0
2.071428571428571
2.142857142857143
2.214285714285714
2.2857142857142856
2.357142857142857
2.4285714285714284
2.5
2.571428571428571
2.642857142857143
2.714285714285714
2.7857142857142856
2.8571428571428568
2.9285714285714284
3.0
3.071428571428571
3.142857142857143
3.214285714285714
3.2857142857142856
3.3571428571428568
3.4285714285714284
3.5